ACTIVITY_MODEL_H_V1
site_type hollow
elements Fe Co Ni Pd Pt
intercept 0
e_opt -0.070000000000000007
activity_temperature 298
zone1_element 0 0 0 0 0
zone2 0.01294873812398795 -0.016628598444351467 -0.025030755944227295 -0.012182647687360937 -0.036793773221527867
zone3 -0.033754141182167838 -0.024283398131300593 -0.036739139220020624 0.0042289176230003826 0.080836881263786395
zone4 -0.0011182202479347314 -0.0014099000568104699 -0.0043935633534484264 -0.017079056435855555 -0.014842778492619009
zone5 0.020013363354916082 0.0026615478838158957 -0.0019223588243004602 -0.024290765806141784 -0.035305305194979597
zone1_combos 70
CoCoCoCo -0.02239283806792736
CoCoCoNi 0.046204015434723786
CoCoCoPd 0.065604870978930002
CoCoCoPt 0.050208239323628612
CoCoNiNi 0.0015215085785271485
CoCoNiPd -0.0094438611021637319
CoCoNiPt 0.043325142416535907
CoCoPdPd 0.010682783884478497
CoCoPdPt 0.065331901615568677
CoCoPtPt 0.16228331311753505
CoNiNiNi 0.0022444332999544264
CoNiNiPd -0.0054723047671951016
CoNiNiPt 0.045058172550457229
CoNiPdPd -0.00040497453889103141
CoNiPdPt 0.037311050652931992
CoNiPtPt 0.13257565548750744
CoPdPdPd 0.016670430156371392
CoPdPdPt 0.036292249294775772
CoPdPtPt 0.098239710624742821
CoPtPtPt 0.19184763668173968
FeCoCoCo -0.027362174895014049
FeCoCoNi -0.041476428688433577
FeCoCoPd -0.077332529539101191
FeCoCoPt -0.042230119163754368
FeCoNiNi -0.042433731866403868
FeCoNiPd -0.043133890724494472
FeCoNiPt -0.022662284993853039
FeCoPdPd -0.050819503854826448
FeCoPdPt -0.004642024861602638
FeCoPtPt 0.032980861175486778
FeFeCoCo -0.18116799958614971
FeFeCoNi -0.11728446337192901
FeFeCoPd -0.14285380755493804
FeFeCoPt -0.063091103259176662
FeFeFeCo -0.2861173326740033
FeFeFeFe -6.7798555212674756e-17
FeFeFeNi -0.18047695615388915
FeFeFePd -0.21201251536783181
FeFeFePt -0.14459267642425866
FeFeNiNi -0.20371482847955646
FeFeNiPd -0.1070973858148638
FeFeNiPt -0.087305969841893705
FeFePdPd -0.093385284900757051
FeFePdPt -0.088865780761837834
FeFePtPt -0.06695929368518079
FeNiNiNi -0.044650446093518148
FeNiNiPd -0.06112275313441777
FeNiNiPt -0.0052121449767070123
FeNiPdPd -0.094007356929545316
FeNiPdPt -0.016629779563246232
FeNiPtPt 0.04005535391592116
FePdPdPd -0.051293821376882015
FePdPdPt -0.030322436754734988
FePdPtPt 0.034288708013573727
FePtPtPt 0.13894261661944826
NiNiNiNi 0.051808586613457941
NiNiNiPd -0.028939097187452627
NiNiNiPt 0.073597666862269123
NiNiPdPd -0.00061427458918592893
NiNiPdPt 0.039116199865499676
NiNiPtPt 0.15933272043351757
NiPdPdPd 0.0143033032464448
NiPdPdPt 0.030096501875543594
NiPdPtPt 0.085512747866858002
NiPtPtPt 0.21111505852797161
PdPdPdPd 0.028216564366948374
PdPdPdPt 0.071913026355710535
PdPdPtPt 0.1300392711705643
PdPtPtPt 0.22329019498980623
PtPtPtPt 0.31780279990150384
zone3_combos 0
n_activity_sites 100
zone1_ptr 0 4 8 12 16 20 24 28 32 36 40 44 48 52 56 60 64 68 72 76 80 84 88 92 96 100 104 108 112 116 120 124 128 132 136 140 144 148 152 156 160 164 168 172 176 180 184 188 192 196 200 204 208 212 216 220 224 228 232 236 240 244 248 252 256 260 264 268 272 276 280 284 288 292 296 300 304 308 312 316 320 324 328 332 336 340 344 348 352 356 360 364 368 372 376 380 384 388 392 396 400
zone1_indices 400
900 901 910 911 900 901 990 991 900 909 910 919 900 909 990 999 912 901 902 911 992 901 902 991 912 913 902 903 992 993 902 903 904 913 914 903 904 993 994 903 904 905 914 915 904 905 994 995 905 906 915 916 905 906 995 996 906 907 916 917 906 907 996 997 907 908 917 918 907 908 997 998 908 909 918 919 908 909 998 999 920 921 910 911 920 929 910 919 912 921 922 911 912 913 922 923 913 914 923 924 914 915 924 925 915 916 925 926 916 917 926 927 928 917 918 927 928 929 918 919 920 921 930 931 920 929 930 939 921 922 931 932 922 923 932 933 923 924 933 934 924 925 934 935 936 925 926 935 936 937 926 927 928 937 938 927 928 929 938 939 930 931 940 941 930 939 940 949 931 932 941 942 932 933 942 943 944 933 934 943 944 945 934 935 936 945 946 935 936 937 946 947 937 938 947 948 938 939 948 949 940 941 950 951 940 949 950 959 952 941 942 951 952 953 942 943 944 953 954 943 944 945 954 955 945 946 955 956 946 947 956 957 947 948 957 958 948 949 958 959 960 961 950 951 960 969 950 959 952 961 962 951 952 953 962 963 953 954 963 964 954 955 964 965 955 956 965 966 956 957 966 967 968 957 958 967 968 969 958 959 960 961 970 971 960 969 970 979 961 962 971 972 962 963 972 973 963 964 973 974 964 965 974 975 976 965 966 975 976 977 966 967 968 977 978 967 968 969 978 979 970 971 980 981 970 979 980 989 971 972 981 982 972 973 982 983 984 973 974 983 984 985 974 975 976 985 986 975 976 977 986 987 977 978 987 988 978 979 988 989 980 981 990 991 980 989 990 999 992 981 982 991 992 993 982 983 984 993 994 983 984 985 994 995 985 986 995 996 986 987 996 997 987 988 997 998 988 989 998 999
zone2_ptr 0 8 16 24 32 40 48 56 64 72 80 88 96 104 112 120 128 136 144 152 160 168 176 184 192 200 208 216 224 232 240 248 256 264 272 280 288 296 304 312 320 328 336 344 352 360 368 376 384 392 400 408 416 424 432 440 448 456 464 472 480 488 496 504 512 520 528 536 544 552 560 568 576 584 592 600 608 616 624 632 640 648 656 664 672 680 688 696 704 712 720 728 736 744 752 760 768 776 784 792 800
zone2_indices 800
909 990 991 902 919 920 912 921 909 910 902 911 980 999 981 992 990 901 908 999 911 920 918 929 901 910 908 919 980 991 989 998 913 922 991 900 992 903 910 921 982 993 900 911 903 912 981 990 911 922 914 923 992 901 993 904 982 991 983 994 901 912 904 913 994 905 912 923 924 915 993 902 914 905 983 992 984 995 902 913 994 903 906 995 913 924 916 925 903 914 906 915 984 993 985 996 995 904 996 907 925 914 926 917 915 904 916 907 985 994 986 997 905 996 908 997 915 926 918 927 905 916 908 917 986 995 987 998 997 906 909 998 927 916 919 928 917 906 909 918 987 996 988 999 907 998 900 999 917 928 910 929 907 918 900 919 988 997 989 990 929 930 931 922 919 900 901 912 930 921 928 939 900 911 918 909 902 913 931 920 932 923 901 910 902 911 903 914 932 921 933 924 903 912 904 915 933 922 934 925 904 913 916 905 934 923 926 935 905 914 906 917 935 924 936 927 915 906 918 907 925 936 928 937 929 938 907 916 919 908 937 926 927 938 920 939 917 908 910 909 929 910 911 922 939 940 932 941 910 921 928 919 931 940 938 949 911 920 912 923 930 941 933 942 912 921 913 924 931 942 934 943 913 922 914 925 932 943 944 935 914 923 926 915 933 944 936 945 946 937 915 924 916 927 945 934 935 946 938 947 925 916 928 917 929 918 947 936 939 948 917 926 927 918 920 919 937 948 930 949 939 920 932 921 949 950 942 951 931 920 938 929 941 950 948 959 930 921 933 922 940 951 943 952 931 922 923 934 941 952 944 953 954 945 923 932 924 935 942 953 943 954 946 955 924 933 936 925 926 937 955 944 956 947 925 934 935 926 938 927 945 956 948 957 927 936 939 928 957 946 949 958 937 928 930 929 947 958 940 959 949 930 931 942 960 959 961 952 930 941 948 939 960 951 958 969 962 953 931 940 943 932 961 950 962 951 963 954 941 932 944 933 934 945 963 952 964 955 942 933 943 934 946 935 964 953 956 965 935 944 936 947 965 954 966 957 945 936 948 937 955 966 958 967 937 946 949 938 967 956 959 968 947 938 940 939 957 968 969 950 969 970 962 971 959 940 952 941 961 970 968 979 951 940 958 949 953 942 960 971 963 972 950 941 951 942 954 943 961 972 964 973 952 943 955 944 962 973 965 974 953 944 956 945 963 974 966 975 954 945 957 946 964 975 967 976 955 946 958 947 965 976 968 977 969 978 956 947 959 948 977 966 967 978 960 979 957 948 950 949 950 969 951 962 980 979 981 972 950 961 959 968 980 971 989 978 951 960 952 963 981 970 982 973 952 961 953 964 982 971 983 974 953 962 954 965 983 972 984 975 954 963 955 966 984 973 985 976 986 977 955 964 956 967 985 974 986 975 987 978 956 965 957 968 958 969 987 976 988 979 957 966 958 967 959 960 988 977 989 970 979 960 972 961 990 989 991 982 971 960 978 969 990 981 988 999 970 961 973 962 991 980 992 983 971 962 974 963 992 981 993 984 994 985 972 963 975 964 993 982 994 983 986 995 973 964 976 965 977 966 995 984 996 987 974 965 975 966 978 967 985 996 988 997 976 967 979 968 997 986 989 998 977 968 970 969 987 998 999 980 970 989 971 982 900 999 901 992 970 981 988 979 900 991 998 909 902 993 971 980 972 983 901 990 902 991 903 994 972 981 973 984 974 985 903 992 904 995 973 982 974 983 986 975 904 993 996 905 975 984 976 987 905 994 906 997 985 976 988 977 995 906 998 907 977 986 989 978 907 996 999 908 987 978 979 980 997 908 909 990
zone3_ptr 0 1 2 3 4 5 6 7 8 9 10 11 12 13 14 15 16 17 18 19 20 21 22 23 24 25 26 27 28 29 30 31 32 33 34 35 36 37 38 39 40 41 42 43 44 45 46 47 48 49 50 51 52 53 54 55 56 57 58 59 60 61 62 63 64 65 66 67 68 69 70 71 72 73 74 75 76 77 78 79 80 81 82 83 84 85 86 87 88 89 90 91 92 93 94 95 96 97 98 99 100
zone3_indices 100
800 890 809 899 801 891 802 892 803 893 804 894 805 895 806 896 807 897 808 898 810 819 811 812 813 814 815 816 817 818 820 829 821 822 823 824 825 826 827 828 830 839 831 832 833 834 835 836 837 838 840 849 841 842 843 844 845 846 847 848 850 859 851 852 853 854 855 856 857 858 860 869 861 862 863 864 865 866 867 868 870 879 871 872 873 874 875 876 877 878 880 889 881 882 883 884 885 886 887 888
zone4_ptr 0 4 8 12 16 20 24 28 32 36 40 44 48 52 56 60 64 68 72 76 80 84 88 92 96 100 104 108 112 116 120 124 128 132 136 140 144 148 152 156 160 164 168 172 176 180 184 188 192 196 200 204 208 212 216 220 224 228 232 236 240 244 248 252 256 260 264 268 272 276 280 284 288 292 296 300 304 308 312 316 320 324 328 332 336 340 344 348 352 356 360 364 368 372 376 380 384 388 392 396 400
zone4_indices 400
809 890 810 801 800 899 891 880 800 899 819 808 809 890 898 889 891 811 800 802 801 890 892 881 892 812 803 801 802 893 891 882 893 804 802 813 803 894 892 883 894 803 814 805 804 893 884 895 895 806 815 804 805 896 885 894 896 805 816 807 806 895 897 886 897 808 817 806 807 898 887 896 898 807 818 809 808 897 888 899 819 811 800 820 810 809 829 818 801 810 812 821 802 813 811 822 814 803 812 823 813 804 824 815 816 805 825 814 815 806 826 817 818 807 827 816 817 808 828 819 829 821 830 810 820 839 819 828 820 831 811 822 823 832 812 821 824 822 833 813 823 834 814 825 826 835 815 824 825 836 816 827 828 837 817 826 827 838 818 829 839 840 820 831 830 849 829 838 841 830 821 832 842 822 833 831 834 843 823 832 833 844 824 835 836 845 825 834 835 846 826 837 838 847 827 836 837 848 828 839 849 830 841 850 840 839 848 859 831 840 842 851 832 843 841 852 833 844 842 853 834 843 845 854 846 835 844 855 845 836 847 856 837 848 846 857 838 847 849 858 859 860 851 840 850 869 858 849 861 850 852 841 862 853 851 842 863 854 852 843 864 853 855 844 856 865 854 845 855 866 857 846 867 858 856 847 868 857 859 848 869 850 861 870 860 859 868 879 851 860 862 871 852 863 861 872 853 864 862 873 854 863 874 865 855 866 875 864 856 865 867 876 857 868 866 877 858 867 869 878 879 880 871 860 870 889 878 869 881 870 872 861 882 873 871 862 874 883 872 863 873 884 864 875 876 885 865 874 875 886 866 877 878 887 867 876 877 888 868 879 889 870 881 890 880 879 888 899 871 880 882 891 872 883 881 892 873 884 882 893 874 883 894 885 886 875 895 884 885 876 887 896 877 888 886 897 878 887 889 898
zone5_ptr 0 4 8 12 16 20 24 28 32 36 40 44 48 52 56 60 64 68 72 76 80 84 88 92 96 100 104 108 112 116 120 124 128 132 136 140 144 148 152 156 160 164 168 172 176 180 184 188 192 196 200 204 208 212 216 220 224 228 232 236 240 244 248 252 256 260 264 268 272 276 280 284 288 292 296 300 304 308 312 316 320 324 328 332 336 340 344 348 352 356 360 364 368 372 376 380 384 388 392 396 400
zone5_indices 400
899 819 891 811 809 801 889 881 890 810 898 818 800 808 880 888 890 892 810 812 800 802 880 882 893 891 813 811 803 801 883 881 894 892 814 812 804 802 884 882 893 813 895 815 803 805 883 885 896 816 894 814 806 886 804 884 895 815 897 817 805 807 885 887 898 896 818 816 808 806 888 886 897 899 817 819 807 809 887 889 809 829 801 821 800 820 808 828 800 820 802 822 803 823 801 821 804 824 802 822 803 823 805 825 806 826 804 824 805 825 807 827 808 828 806 826 807 827 809 829 839 819 831 811 830 810 838 818 830 810 832 812 833 831 813 811 834 814 832 812 833 813 835 815 836 816 834 814 835 815 837 817 838 818 836 816 837 817 839 819 849 829 841 821 840 820 848 828 840 842 820 822 843 841 823 821 844 842 824 822 843 823 845 825 846 826 844 824 845 825 847 827 848 828 846 826 847 827 849 829 839 831 859 851 830 850 838 858 830 832 850 852 833 831 853 851 834 832 854 852 833 835 853 855 836 856 834 854 835 855 837 857 838 836 858 856 837 839 857 859 869 861 849 841 860 868 840 848 860 862 840 842 863 861 843 841 864 862 844 842 863 865 843 845 866 846 864 844 865 867 845 847 868 866 848 846 867 869 847 849 859 851 879 871 850 870 858 878 850 852 870 872 853 851 873 871 854 852 874 872 853 855 873 875 856 876 854 874 855 857 875 877 858 856 878 876 857 859 877 879 889 869 881 861 880 860 888 868 880 882 860 862 883 881 863 861 884 882 864 862 883 863 885 865 886 866 884 864 885 865 887 867 888 886 868 866 887 889 867 869 879 899 871 891 870 890 878 898 870 872 890 892 873 871 893 891 874 872 894 892 873 893 875 895 876 896 874 894 875 895 877 897 878 876 898 896 877 879 897 899
