ACTIVITY_MODEL_H_V1
site_type fcc
elements Fe Co Ni Pd Pt
intercept 0
e_opt -0.14000000000000001
activity_temperature 298
zone1_element 0 0 0 0 0
zone2 -0.032758525763952558 -0.038090973541009265 -0.030845881816827368 -0.016438275364371816 -0.012932719428583303
zone3 0.022746656051716309 0.00022104770065600916 -0.014686458909197831 -0.032439842058128956 -0.04137459074242842
zone4 -0.03443792187804974 -0.028023635023125423 -0.021860381262291749 0.001736737490766728 0.017052012715328274
zone5 0.01124075656943031 0.0011075888372616381 -0.019973816290299345 -0.028191292997636848 -0.029716424076135225
zone1_combos 35
CoCoCo -0.069504024644840526
CoCoNi -0.063186937630328871
CoCoPd 0.053959554521442618
CoCoPt 0.012575865631335094
CoNiNi -0.02401915706430317
CoNiPd 0.0097689340224116107
CoNiPt -0.012428532753201889
CoPdPd 0.093616413083610572
CoPdPt 0.054233921169401081
CoPtPt 0.0404981412177218
FeCoCo -0.10504674497002298
FeCoNi -0.056968392202364895
FeCoPd 0.011099346256511197
FeCoPt -0.011046251116276289
FeFeCo -0.091629965165154509
FeFeFe -0.15877783682205482
FeFeNi -0.063192237123521205
FeFePd -0.011313214384520556
FeFePt -0.025784742639633217
FeNiNi -0.068238281779135615
FeNiPd 0.011912145720285271
FeNiPt -0.0042538218743952737
FePdPd 0.061735813950787671
FePdPt 0.029174282682028031
FePtPt 0.040842697480298062
NiNiNi -0.078330488186997366
NiNiPd -0.035327291548421721
NiNiPt -0.0664042605661435
NiPdPd 0.02069134823166259
NiPdPt 0.01160108733443968
NiPtPt 0.031291666086209369
PdPdPd 0.07954136406432237
PdPdPt 0.095557073530506784
PdPtPt 0.12142878902919307
PtPtPt 0.1440793404733573
n_activity_sites 200
zone1_ptr 0 3 6 9 12 15 18 21 24 27 30 33 36 39 42 45 48 51 54 57 60 63 66 69 72 75 78 81 84 87 90 93 96 99 102 105 108 111 114 117 120 123 126 129 132 135 138 141 144 147 150 153 156 159 162 165 168 171 174 177 180 183 186 189 192 195 198 201 204 207 210 213 216 219 222 225 228 231 234 237 240 243 246 249 252 255 258 261 264 267 270 273 276 279 282 285 288 291 294 297 300 303 306 309 312 315 318 321 324 327 330 333 336 339 342 345 348 351 354 357 360 363 366 369 372 375 378 381 384 387 390 393 396 399 402 405 408 411 414 417 420 423 426 429 432 435 438 441 444 447 450 453 456 459 462 465 468 471 474 477 480 483 486 489 492 495 498 501 504 507 510 513 516 519 522 525 528 531 534 537 540 543 546 549 552 555 558 561 564 567 570 573 576 579 582 585 588 591 594 597 600
zone1_indices 600
900 901 909 900 901 990 900 909 918 900 918 999 900 989 990 900 989 999 901 902 910 901 902 991 901 909 910 901 990 991 902 903 911 902 903 992 902 910 911 902 991 992 903 904 912 903 904 993 903 911 912 903 992 993 904 905 913 904 905 994 904 912 913 904 993 994 905 906 914 905 906 995 905 913 914 905 994 995 906 907 915 906 907 996 906 914 915 906 995 996 907 908 916 907 908 997 907 915 916 907 996 997 908 916 917 908 917 999 908 997 998 908 998 999 909 910 919 909 918 928 909 919 928 910 911 920 910 919 920 911 912 921 911 920 921 912 913 922 912 921 922 913 914 923 913 922 923 914 915 924 914 923 924 915 916 925 915 924 925 916 917 926 916 925 926 917 918 927 917 918 999 917 926 927 918 927 928 919 920 929 919 928 938 919 929 938 920 921 930 920 929 930 921 922 931 921 930 931 922 923 932 922 931 932 923 924 933 923 932 933 924 925 934 924 933 934 925 926 935 925 934 935 926 927 936 926 935 936 927 928 937 927 936 937 928 937 938 929 930 939 929 938 948 929 939 948 930 931 940 930 939 940 931 932 941 931 940 941 932 933 942 932 941 942 933 934 943 933 942 943 934 935 944 934 943 944 935 936 945 935 944 945 936 937 946 936 945 946 937 938 947 937 946 947 938 947 948 939 940 949 939 948 958 939 949 958 940 941 950 940 949 950 941 942 951 941 950 951 942 943 952 942 951 952 943 944 953 943 952 953 944 945 954 944 953 954 945 946 955 945 954 955 946 947 956 946 955 956 947 948 957 947 956 957 948 957 958 949 950 959 949 958 968 949 959 968 950 951 960 950 959 960 951 952 961 951 960 961 952 953 962 952 961 962 953 954 963 953 962 963 954 955 964 954 963 964 955 956 965 955 964 965 956 957 966 956 965 966 957 958 967 957 966 967 958 967 968 959 960 969 959 968 978 959 969 978 960 961 970 960 969 970 961 962 971 961 970 971 962 963 972 962 971 972 963 964 973 963 972 973 964 965 974 964 973 974 965 966 975 965 974 975 966 967 976 966 975 976 967 968 977 967 976 977 968 977 978 969 970 979 969 978 988 969 979 988 970 971 980 970 979 980 971 972 981 971 980 981 972 973 982 972 981 982 973 974 983 973 982 983 974 975 984 974 983 984 975 976 985 975 984 985 976 977 986 976 985 986 977 978 987 977 986 987 978 987 988 979 980 989 979 988 998 979 989 998 980 981 990 980 989 990 981 982 991 981 990 991 982 983 992 982 991 992 983 984 993 983 992 993 984 985 994 984 993 994 985 986 995 985 994 995 986 987 996 986 995 996 987 988 997 987 996 997 988 997 998 989 998 999
zone2_ptr 0 6 12 18 24 30 36 42 48 54 60 66 72 78 84 90 96 102 108 114 120 126 132 138 144 150 156 162 168 174 180 186 192 198 204 210 216 222 228 234 240 246 252 258 264 270 276 282 288 294 300 306 312 318 324 330 336 342 348 354 360 366 372 378 384 390 396 402 408 414 420 426 432 438 444 450 456 462 468 474 480 486 492 498 504 510 516 522 528 534 540 546 552 558 564 570 576 582 588 594 600 606 612 618 624 630 636 642 648 654 660 666 672 678 684 690 696 702 708 714 720 726 732 738 744 750 756 762 768 774 780 786 792 798 804 810 816 822 828 834 840 846 852 858 864 870 876 882 888 894 900 906 912 918 924 930 936 942 948 954 960 966 972 978 984 990 996 1002 1008 1014 1020 1026 1032 1038 1044 1050 1056 1062 1068 1074 1080 1086 1092 1098 1104 1110 1116 1122 1128 1134 1140 1146 1152 1158 1164 1170 1176 1182 1188 1194 1200
zone2_indices 1200
989 991 902 928 919 999 980 981 902 918 910 999 927 917 989 919 910 990 998 908 901 927 990 928 998 918 981 909 991 979 901 917 979 909 908 980 990 992 900 919 920 903 981 982 909 900 903 911 918 990 928 991 920 911 989 980 910 909 982 992 904 991 993 921 920 901 904 982 983 912 910 901 992 991 919 921 909 912 981 911 983 910 990 993 992 905 994 921 922 902 984 983 905 913 911 902 992 993 913 920 922 910 994 911 984 912 982 991 993 903 922 923 995 906 984 985 914 903 912 906 993 914 994 911 921 923 992 913 912 983 985 995 907 924 923 996 904 994 985 986 907 915 913 904 912 922 915 995 924 994 996 914 984 986 913 993 995 908 925 924 905 997 908 987 986 916 905 914 995 913 923 916 925 996 997 985 987 915 914 994 999 906 998 926 925 996 999 988 917 987 906 915 917 924 926 914 997 996 986 995 988 998 915 916 998 927 918 925 915 997 907 900 989 926 927 997 979 987 917 916 989 996 988 979 907 916 900 918 918 938 911 902 929 900 910 937 901 938 917 999 927 937 920 929 900 901 929 909 901 912 903 930 928 921 938 902 930 901 913 931 930 910 904 902 929 931 919 903 922 902 914 905 903 932 931 911 923 932 904 930 903 920 912 915 932 904 933 906 905 924 931 933 904 921 913 905 933 907 916 934 932 922 925 905 934 906 906 935 917 908 914 934 906 923 933 935 907 926 999 918 907 936 935 915 907 936 927 924 908 934 909 916 900 936 908 937 916 998 926 989 909 928 928 925 908 937 999 935 919 936 926 900 938 999 928 948 921 911 939 909 920 947 948 918 910 927 910 939 947 937 930 909 939 922 912 940 919 910 938 948 940 931 911 910 923 940 920 941 913 911 912 929 911 939 932 941 914 924 912 921 941 942 913 933 930 940 912 942 922 943 942 915 913 925 914 931 913 941 934 943 926 943 916 944 923 914 935 942 944 932 915 914 924 917 927 915 944 945 933 943 936 915 916 945 918 928 925 916 945 946 934 937 946 917 916 944 919 947 946 909 926 917 918 938 947 917 945 935 929 948 936 918 909 946 938 931 921 958 919 949 957 937 928 930 920 958 957 940 920 947 919 949 932 922 929 949 950 920 941 948 958 921 950 920 930 923 921 933 950 951 922 939 949 951 921 942 924 934 922 952 931 951 923 940 950 943 952 922 952 935 932 953 923 925 924 944 923 953 951 941 933 953 924 954 926 936 942 952 954 924 925 945 925 934 927 954 955 937 946 955 953 943 925 926 928 938 956 926 955 935 947 944 954 927 926 956 957 929 936 919 956 927 945 955 957 928 948 927 939 928 919 956 946 958 948 941 968 931 929 959 967 940 930 947 938 968 957 959 967 950 930 929 960 959 930 942 932 939 958 960 951 930 968 931 960 943 933 940 931 961 952 959 949 961 931 932 934 944 961 941 932 962 950 960 953 933 932 962 942 933 935 963 962 945 954 963 934 961 951 933 946 964 963 934 936 943 955 964 962 952 934 935 965 944 964 937 947 935 963 953 965 936 935 956 965 945 948 938 936 966 957 964 966 937 954 936 929 937 939 946 967 966 938 937 965 958 967 955 929 956 938 949 966 968 958 978 969 951 941 939 977 978 957 940 950 948 977 960 969 967 940 939 940 949 942 952 969 970 968 978 941 940 961 970 950 943 953 941 970 971 969 959 971 942 962 941 942 944 954 951 971 972 942 963 960 970 943 972 952 943 955 945 973 972 961 964 944 973 971 943 944 953 973 946 956 974 962 972 965 944 974 945 945 947 954 957 974 975 946 963 945 973 966 975 948 976 946 958 955 975 976 967 947 974 946 964 939 949 956 947 977 976 977 968 975 965 948 947 966 978 976 959 939 948 968 988 951 979 949 961 987 988 958 960 967 950 949 979 987 977 950 970 950 959 979 962 952 980 978 988 951 950 971 980 980 981 963 953 960 951 981 979 972 969 951 952 964 954 982 961 981 952 973 982 980 970 953 952 955 962 953 965 983 982 954 953 971 983 974 981 956 954 963 966 983 984 972 955 954 982 975 984 967 985 957 984 955 964 976 983 956 973 985 955 956 958 965 968 985 986 956 977 974 986 984 957 966 986 987 949 959 957 975 985 958 957 987 978 949 988 986 958 969 976 998 989 978 971 961 959 997 970 998 977 968 960 997 989 980 987 959 960 990 989 962 972 969 960 990 998 981 961 988 960 990 961 970 991 973 963 989 961 991 982 962 979 962 964 974 971 991 992 983 990 992 980 962 963 972 975 963 993 965 992 964 984 963 993 981 991 994 976 966 993 973 964 994 992 982 985 964 965 974 994 977 967 965 995 986 993 995 966 983 965 966 996 975 968 995 978 996 966 994 987 984 967 997 996 969 959 967 976 997 988 968 985 995 967 979 996 986 968 998 959 999 900 981 971 969 988 999 908 980 970 987 978 900 990 970 908 969 997 901 900 970 982 972 979 998 970 971 901 999 991 901 971 980 983 902 973 971 989 972 902 900 992 903 902 974 984 972 981 903 901 993 972 990 973 903 982 904 973 975 985 974 994 904 991 902 973 905 976 904 986 974 983 974 992 975 905 903 995 906 987 905 977 975 984 996 906 976 975 904 993 985 978 906 988 976 907 997 907 977 905 976 994 907 986 908 979 969 977 978 995 908 906 977 998 999 978 907 969 996 989 917 988 980 990 997 918
zone3_ptr 0 3 6 9 12 15 18 21 24 27 30 33 36 39 42 45 48 51 54 57 60 63 66 69 72 75 78 81 84 87 90 93 96 99 102 105 108 111 114 117 120 123 126 129 132 135 138 141 144 147 150 153 156 159 162 165 168 171 174 177 180 183 186 189 192 195 198 201 204 207 210 213 216 219 222 225 228 231 234 237 240 243 246 249 252 255 258 261 264 267 270 273 276 279 282 285 288 291 294 297 300 303 306 309 312 315 318 321 324 327 330 333 336 339 342 345 348 351 354 357 360 363 366 369 372 375 378 381 384 387 390 393 396 399 402 405 408 411 414 417 420 423 426 429 432 435 438 441 444 447 450 453 456 459 462 465 468 471 474 477 480 483 486 489 492 495 498 501 504 507 510 513 516 519 522 525 528 531 534 537 540 543 546 549 552 555 558 561 564 567 570 573 576 579 582 585 588 591 594 597 600
zone3_indices 600
899 819 891 809 881 800 819 800 899 898 818 890 881 809 889 898 808 890 890 810 892 800 881 801 819 801 810 882 800 880 891 893 811 802 883 801 810 800 811 883 801 881 812 892 894 803 883 802 812 811 801 802 884 882 813 893 895 893 803 804 813 894 893 803 883 885 894 814 896 886 805 894 814 805 803 804 886 884 897 895 815 887 806 895 806 814 815 885 887 805 896 898 816 807 887 896 816 896 805 886 888 806 817 897 816 897 899 817 889 887 807 897 899 807 809 801 829 800 828 808 809 810 800 802 820 800 801 829 800 821 803 801 802 812 801 804 822 802 821 822 811 805 823 803 804 812 822 804 824 806 805 824 804 807 825 805 806 816 824 808 826 806 825 826 806 807 809 827 817 899 818 827 826 807 809 808 827 811 819 839 810 818 838 828 838 819 812 830 810 829 811 839 831 813 811 812 831 830 814 832 812 832 831 812 833 815 813 833 824 822 816 834 814 833 815 823 817 815 835 834 835 816 818 836 816 827 835 816 819 837 817 817 826 836 837 838 818 829 821 849 820 848 828 820 838 848 822 840 820 849 840 821 823 821 841 840 830 841 824 822 842 822 831 841 825 843 823 842 843 823 824 844 826 844 843 825 827 845 825 844 834 826 828 846 826 846 845 826 829 827 847 838 827 847 837 839 828 839 831 859 838 858 830 859 830 858 832 850 830 859 841 830 833 851 831 840 842 851 834 852 832 851 833 852 835 853 833 842 852 834 836 854 834 853 843 835 837 835 855 846 835 836 838 856 836 856 845 855 837 839 857 837 846 857 847 849 858 841 849 869 868 840 848 840 869 849 840 842 860 851 840 860 843 841 861 850 860 842 842 844 862 842 862 851 843 845 863 854 852 862 844 864 846 845 853 844 847 845 865 864 846 856 848 846 866 847 855 865 849 847 867 866 867 847 859 849 857 859 879 851 850 878 858 850 860 868 852 850 870 850 879 851 871 853 851 870 852 860 872 854 852 863 853 852 855 853 873 872 864 862 856 854 874 854 865 874 857 855 875 875 874 856 858 856 876 856 875 865 877 859 857 866 858 868 859 869 858 889 861 869 888 860 868 870 878 860 880 862 860 889 861 879 881 863 861 880 862 870 882 864 862 873 863 871 865 883 863 863 864 882 884 866 864 875 873 865 865 867 885 885 874 866 886 868 866 867 877 875 887 867 869 878 887 886 879 877 869 899 871 879 898 870 878 870 898 888 890 872 870 890 899 889 873 891 871 882 872 871 892 874 872 891 873 881 893 873 875 892 874 884 876 894 874 875 894 883 895 877 875 894 876 884 878 896 876 877 887 895 877 897 879 877 897 886 898 879 889 888 880 808
zone4_ptr 0 3 6 9 12 15 18 21 24 27 30 33 36 39 42 45 48 51 54 57 60 63 66 69 72 75 78 81 84 87 90 93 96 99 102 105 108 111 114 117 120 123 126 129 132 135 138 141 144 147 150 153 156 159 162 165 168 171 174 177 180 183 186 189 192 195 198 201 204 207 210 213 216 219 222 225 228 231 234 237 240 243 246 249 252 255 258 261 264 267 270 273 276 279 282 285 288 291 294 297 300 303 306 309 312 315 318 321 324 327 330 333 336 339 342 345 348 351 354 357 360 363 366 369 372 375 378 381 384 387 390 393 396 399 402 405 408 411 414 417 420 423 426 429 432 435 438 441 444 447 450 453 456 459 462 465 468 471 474 477 480 483 486 489 492 495 498 501 504 507 510 513 516 519 522 525 528 531 534 537 540 543 546 549 552 555 558 561 564 567 570 573 576 579 582 585 588 591 594 597 600
zone4_indices 600
918 990 910 989 909 991 901 928 999 989 917 909 901 980 999 998 990 918 991 909 911 990 910 992 919 900 902 902 981 900 992 912 910 991 911 993 920 901 903 903 982 901 993 913 911 992 994 912 904 921 902 904 983 902 912 914 994 993 913 995 905 903 922 984 903 905 915 995 913 996 914 994 904 923 906 985 906 904 916 914 996 995 997 915 905 924 907 986 907 905 917 915 997 916 998 996 906 908 925 987 906 908 999 907 926 998 916 918 999 988 907 997 989 917 928 920 901 927 919 900 918 938 910 921 919 902 929 911 909 920 922 903 910 912 930 923 921 904 913 931 911 922 905 924 914 932 912 923 906 925 915 933 913 907 924 926 914 916 934 908 927 925 935 917 915 926 928 999 908 900 927 918 936 916 909 937 917 938 910 930 937 929 909 920 928 948 929 931 911 939 921 919 930 932 912 922 920 940 913 933 931 923 921 941 932 914 934 924 922 942 935 915 933 943 925 923 934 916 936 924 926 944 917 937 935 925 927 945 936 938 918 928 926 946 919 947 927 948 940 920 947 939 919 938 930 958 941 939 921 931 929 949 922 940 942 930 932 950 923 943 941 933 931 951 942 924 944 934 952 932 943 925 945 935 953 933 926 944 946 954 934 936 947 945 927 955 937 935 928 948 946 956 936 938 929 957 937 958 930 950 957 949 929 940 968 948 951 949 931 941 959 939 950 952 932 960 942 940 953 933 951 943 941 961 952 934 954 944 942 962 955 935 953 963 945 943 954 936 956 946 944 964 937 955 957 965 947 945 956 938 958 948 946 966 939 947 967 960 968 940 967 959 939 958 978 950 941 959 961 951 949 969 942 960 962 950 952 970 943 961 963 953 951 971 944 962 964 954 952 972 963 945 965 973 955 953 946 964 966 954 956 974 965 947 967 975 957 955 948 966 968 976 958 956 977 949 957 978 950 970 977 949 969 988 968 960 969 951 971 961 979 959 972 970 952 980 962 960 973 971 953 961 981 963 954 972 974 962 964 982 955 973 975 963 983 965 976 956 974 984 966 964 957 975 977 967 965 985 958 978 976 966 986 968 987 959 967 988 980 960 979 987 959 998 970 978 981 961 979 989 971 969 980 962 982 990 970 972 983 963 981 991 971 973 964 984 982 974 972 992 983 985 965 993 975 973 966 984 986 994 976 974 985 967 987 975 995 977 988 986 968 996 978 976 997 969 977 998 990 970 989 997 969 999 980 988 989 991 971 981 900 979 990 972 992 980 901 982 993 991 973 902 983 981 994 974 992 984 982 903 975 993 995 983 904 985 996 994 976 905 986 984 997 995 977 985 987 906 996 978 998 988 907 986 979 987 908 900 908 979
zone5_ptr 0 3 6 9 12 15 18 21 24 27 30 33 36 39 42 45 48 51 54 57 60 63 66 69 72 75 78 81 84 87 90 93 96 99 102 105 108 111 114 117 120 123 126 129 132 135 138 141 144 147 150 153 156 159 162 165 168 171 174 177 180 183 186 189 192 195 198 201 204 207 210 213 216 219 222 225 228 231 234 237 240 243 246 249 252 255 258 261 264 267 270 273 276 279 282 285 288 291 294 297 300 303 306 309 312 315 318 321 324 327 330 333 336 339 342 345 348 351 354 357 360 363 366 369 372 375 378 381 384 387 390 393 396 399 402 405 408 411 414 417 420 423 426 429 432 435 438 441 444 447 450 453 456 459 462 465 468 471 474 477 480 483 486 489 492 495 498 501 504 507 510 513 516 519 522 525 528 531 534 537 540 543 546 549 552 555 558 561 564 567 570 573 576 579 582 585 588 591 594 597 600
zone5_indices 600
809 800 890 890 880 899 809 808 818 808 899 809 890 899 880 899 889 880 891 800 801 891 890 882 800 809 891 890 891 881 802 801 892 892 891 893 801 891 802 891 892 882 803 802 893 893 892 884 802 803 892 893 892 883 894 803 804 894 884 885 803 804 812 893 884 894 895 805 804 895 885 896 804 894 813 885 894 895 806 805 896 896 897 886 805 804 895 896 886 895 897 807 806 897 888 898 806 807 897 887 896 897 807 808 898 807 898 808 888 898 897 898 888 889 800 810 819 819 818 809 819 828 818 801 811 810 810 820 811 812 811 802 811 821 820 803 812 813 812 803 813 804 813 814 813 814 823 814 805 815 814 815 823 816 806 815 815 805 825 807 817 816 816 807 817 808 817 818 808 807 898 817 808 818 818 819 828 820 829 810 828 829 819 829 820 810 821 811 820 820 821 830 822 821 812 821 811 822 813 823 822 822 813 823 823 814 824 823 814 813 825 815 824 824 825 834 825 816 826 825 824 815 827 817 826 826 817 836 828 827 818 827 818 828 828 829 819 830 839 820 829 838 839 839 830 829 831 830 821 830 839 831 822 832 831 831 832 822 833 823 832 832 833 823 834 824 833 833 824 834 834 835 825 834 835 824 836 835 826 835 836 845 837 827 836 836 837 827 837 838 828 837 846 836 838 848 829 849 830 840 839 849 848 849 840 839 840 841 831 840 849 831 841 832 842 841 832 850 843 842 833 842 843 841 843 834 844 843 853 844 845 835 844 844 854 845 846 845 836 845 844 854 837 846 847 846 847 837 838 848 847 847 838 848 848 838 839 850 859 840 859 858 849 859 850 868 841 850 851 850 859 841 842 851 852 851 861 852 843 853 852 852 843 853 844 853 854 853 843 844 854 845 855 854 864 863 846 855 856 855 845 854 847 857 856 856 857 866 848 858 857 857 858 848 858 867 868 860 850 869 868 859 869 869 859 879 861 851 860 860 869 861 862 852 861 861 871 862 863 853 862 862 872 871 854 863 864 863 854 853 855 864 865 864 855 863 866 856 865 865 855 866 857 866 867 866 857 876 867 868 858 867 857 876 868 867 877 879 870 860 879 878 869 879 889 888 871 870 861 870 871 880 872 871 862 871 881 872 863 872 873 872 882 881 874 864 873 873 883 874 875 865 874 874 884 883 876 875 866 875 876 884 867 876 877 876 885 886 877 878 868 877 867 868 878 887 888 880 870 889 889 888 879 889 899 880 881 880 871 880 870 881 882 881 872 881 890 880 883 873 882 882 883 892 883 874 884 883 873 893 884 875 885 884 893 874 886 885 876 885 895 886 877 886 887 886 885 896 887 878 888 887 878 888 888 878 887 898 899 889
