ACTIVITY_MODEL_H_V1
site_type top
elements Fe Co Ni Pd Pt
intercept 0
e_opt -0.11
activity_temperature 298
zone1_element 0.23689140683186719 0.087036857099402676 0.011682958495557016 0.035925938586847464 -0.35157968356132752
zone2 -0.0090442949695999589 0.0095067002489107079 0.020508435329684549 0.036800878252566581 0.06197314585252045
zone3 0.065185349380085064 0.044951797087270914 0.017879953616062875 -0.018348273814679045 -0.049796393911700258
zone4 0 0 0 0 0
zone5 0 0 0 0 0
zone1_combos 0
n_activity_sites 100
zone1_ptr 0 1 2 3 4 5 6 7 8 9 10 11 12 13 14 15 16 17 18 19 20 21 22 23 24 25 26 27 28 29 30 31 32 33 34 35 36 37 38 39 40 41 42 43 44 45 46 47 48 49 50 51 52 53 54 55 56 57 58 59 60 61 62 63 64 65 66 67 68 69 70 71 72 73 74 75 76 77 78 79 80 81 82 83 84 85 86 87 88 89 90 91 92 93 94 95 96 97 98 99 100
zone1_indices 100
900 901 902 903 904 905 906 907 908 909 910 911 912 913 914 915 916 917 918 919 920 921 922 923 924 925 926 927 928 929 930 931 932 933 934 935 936 937 938 939 940 941 942 943 944 945 946 947 948 949 950 951 952 953 954 955 956 957 958 959 960 961 962 963 964 965 966 967 968 969 970 971 972 973 974 975 976 977 978 979 980 981 982 983 984 985 986 987 988 989 990 991 992 993 994 995 996 997 998 999
zone2_ptr 0 6 12 18 24 30 36 42 48 54 60 66 72 78 84 90 96 102 108 114 120 126 132 138 144 150 156 162 168 174 180 186 192 198 204 210 216 222 228 234 240 246 252 258 264 270 276 282 288 294 300 306 312 318 324 330 336 342 348 354 360 366 372 378 384 390 396 402 408 414 420 426 432 438 444 450 456 462 468 474 480 486 492 498 504 510 516 522 528 534 540 546 552 558 564 570 576 582 588 594 600
zone2_indices 600
989 918 901 909 990 999 991 990 900 902 909 910 991 992 901 910 911 903 992 904 993 912 911 902 993 903 912 905 994 913 914 913 904 995 906 994 915 995 907 996 914 905 906 916 908 915 997 996 999 917 916 907 998 997 918 928 901 910 900 919 902 909 911 919 920 901 910 920 921 902 903 912 913 904 903 922 921 911 914 905 912 922 923 904 913 923 905 915 924 906 906 914 924 907 916 925 907 908 917 925 926 915 908 916 999 926 918 927 909 927 900 928 917 999 928 938 920 910 909 929 929 911 919 921 910 930 920 912 931 911 930 922 932 923 913 931 912 921 914 932 922 924 913 933 933 923 915 914 934 925 935 926 916 924 934 915 936 925 927 917 935 916 918 926 936 928 937 917 919 938 937 909 918 927 938 948 920 939 930 919 931 940 939 921 929 920 930 922 921 932 941 940 923 922 933 931 941 942 924 932 942 923 934 943 935 943 933 944 924 925 925 934 926 944 936 945 926 927 945 937 946 935 947 928 938 936 946 927 929 919 928 948 937 947 948 930 929 940 958 949 930 941 939 931 949 950 950 940 931 951 932 942 952 943 933 951 941 932 942 934 952 944 933 953 954 953 943 934 935 945 946 955 936 944 954 935 945 955 937 947 936 956 957 937 938 948 956 946 957 939 929 938 947 958 958 968 959 940 950 939 960 951 941 959 949 940 960 950 952 942 941 961 942 943 953 951 961 962 963 944 954 962 952 943 963 944 964 955 953 945 945 965 946 954 964 956 965 957 947 946 966 955 948 947 958 956 967 966 949 967 968 957 939 948 968 949 960 978 950 969 951 950 959 969 961 970 971 962 970 960 952 951 963 972 971 961 953 952 954 964 962 953 973 972 963 973 954 955 965 974 956 955 966 964 975 974 976 967 975 965 956 957 958 966 977 976 968 957 977 949 959 958 978 967 979 978 988 970 960 959 979 980 961 971 969 960 961 981 980 962 972 970 973 962 982 971 981 963 964 972 963 974 982 983 983 984 973 975 964 965 976 966 984 974 985 965 966 975 985 967 977 986 968 967 986 978 987 976 988 968 969 987 959 977 998 988 970 969 989 980 990 981 989 970 971 979 990 980 991 971 972 982 983 972 991 981 973 992 974 982 992 984 973 993 994 993 974 983 975 985 986 994 995 976 975 984 996 985 995 987 977 976 997 996 978 986 988 977 997 979 978 969 987 998 998 990 999 900 980 979 980 989 981 901 900 991 901 981 902 982 990 992 903 902 993 983 991 982 994 904 984 903 992 983 984 993 985 904 905 995 996 906 985 986 905 994 986 995 987 997 906 907 987 988 996 907 908 998 999 989 979 908 988 997 998 908 989 917 900 918
zone3_ptr 0 3 6 9 12 15 18 21 24 27 30 33 36 39 42 45 48 51 54 57 60 63 66 69 72 75 78 81 84 87 90 93 96 99 102 105 108 111 114 117 120 123 126 129 132 135 138 141 144 147 150 153 156 159 162 165 168 171 174 177 180 183 186 189 192 195 198 201 204 207 210 213 216 219 222 225 228 231 234 237 240 243 246 249 252 255 258 261 264 267 270 273 276 279 282 285 288 291 294 297 300
zone3_indices 300
899 809 890 890 800 891 891 801 892 893 892 802 803 894 893 894 804 895 896 895 805 897 896 806 898 897 807 809 819 800 801 800 810 802 801 811 803 812 802 804 813 803 804 814 805 805 806 815 807 806 816 808 807 817 818 809 808 810 829 819 820 811 810 821 811 812 813 822 812 814 813 823 815 824 814 825 816 815 817 826 816 818 817 827 819 828 818 829 820 839 830 821 820 822 831 821 823 822 832 833 824 823 834 825 824 825 835 826 827 836 826 828 837 827 829 828 838 839 830 849 831 840 830 832 831 841 833 842 832 834 843 833 844 835 834 836 845 835 846 837 836 838 837 847 839 838 848 859 849 840 841 850 840 841 851 842 842 843 852 853 843 844 854 844 845 845 846 855 847 856 846 848 847 857 849 858 848 859 850 869 850 851 860 861 852 851 853 862 852 854 853 863 854 864 855 855 856 865 866 857 856 858 857 867 859 868 858 869 860 879 861 870 860 871 862 861 872 863 862 863 864 873 874 865 864 875 866 865 876 866 867 867 868 877 869 868 878 879 889 870 880 871 870 881 872 871 882 873 872 873 883 874 884 875 874 876 885 875 886 877 876 887 877 878 878 879 888 899 880 889 890 880 881 882 891 881 892 883 882 893 884 883 884 894 885 895 885 886 886 887 896 887 888 897 889 898 888 898 899 808
zone4_ptr 0 0 0 0 0 0 0 0 0 0 0 0 0 0 0 0 0 0 0 0 0 0 0 0 0 0 0 0 0 0 0 0 0 0 0 0 0 0 0 0 0 0 0 0 0 0 0 0 0 0 0 0 0 0 0 0 0 0 0 0 0 0 0 0 0 0 0 0 0 0 0 0 0 0 0 0 0 0 0 0 0 0 0 0 0 0 0 0 0 0 0 0 0 0 0 0 0 0 0 0 0
zone4_indices 0

zone5_ptr 0 0 0 0 0 0 0 0 0 0 0 0 0 0 0 0 0 0 0 0 0 0 0 0 0 0 0 0 0 0 0 0 0 0 0 0 0 0 0 0 0 0 0 0 0 0 0 0 0 0 0 0 0 0 0 0 0 0 0 0 0 0 0 0 0 0 0 0 0 0 0 0 0 0 0 0 0 0 0 0 0 0 0 0 0 0 0 0 0 0 0 0 0 0 0 0 0 0 0 0 0
zone5_indices 0

