ACTIVITY_MODEL_OH_V1
elements Ir Pd Pt Rh Ru
intercept 0
zone1 0.48999999999999999 1.1779999999999999 0.98799999999999999 0.74399999999999999 0.32900000000000001
zone2 0.027 -0.021999999999999999 0.023 -0.017000000000000001 -0.012
zone3 -0.0089999999999999993 0.01 -0.014999999999999999 0.0050000000000000001 0.0080000000000000002
e_opt 1.1000000000000001
activity_temperature 298
zone2_ptr 0 6 12 18 24 30 36 42 48 54 60 66 72 78 84 90 96 102 108 114 120 126 132 138 144 150 156 162 168 174 180 186 192 198 204 210 216 222 228 234 240 246 252 258 264 270 276 282 288 294 300 306 312 318 324 330 336 342 348 354 360 366 372 378 384 390 396 402 408 414 420 426 432 438 444 450 456 462 468 474 480 486 492 498 504 510 516 522 528 534 540 546 552 558 564 570 576 582 588 594 600
zone2_indices 600
901 909 918 989 990 999 900 902 909 910 990 991 901 903 910 911 991 992 902 904 911 912 992 993 903 905 912 913 993 994 904 906 913 914 994 995 905 907 914 915 995 996 906 908 915 916 996 997 907 916 917 997 998 999 900 901 910 918 919 928 901 902 909 911 919 920 902 903 910 912 920 921 903 904 911 913 921 922 904 905 912 914 922 923 905 906 913 915 923 924 906 907 914 916 924 925 907 908 915 917 925 926 908 916 918 926 927 999 900 909 917 927 928 999 909 910 920 928 929 938 910 911 919 921 929 930 911 912 920 922 930 931 912 913 921 923 931 932 913 914 922 924 932 933 914 915 923 925 933 934 915 916 924 926 934 935 916 917 925 927 935 936 917 918 926 928 936 937 909 918 919 927 937 938 919 920 930 938 939 948 920 921 929 931 939 940 921 922 930 932 940 941 922 923 931 933 941 942 923 924 932 934 942 943 924 925 933 935 943 944 925 926 934 936 944 945 926 927 935 937 945 946 927 928 936 938 946 947 919 928 929 937 947 948 929 930 940 948 949 958 930 931 939 941 949 950 931 932 940 942 950 951 932 933 941 943 951 952 933 934 942 944 952 953 934 935 943 945 953 954 935 936 944 946 954 955 936 937 945 947 955 956 937 938 946 948 956 957 929 938 939 947 957 958 939 940 950 958 959 968 940 941 949 951 959 960 941 942 950 952 960 961 942 943 951 953 961 962 943 944 952 954 962 963 944 945 953 955 963 964 945 946 954 956 964 965 946 947 955 957 965 966 947 948 956 958 966 967 939 948 949 957 967 968 949 950 960 968 969 978 950 951 959 961 969 970 951 952 960 962 970 971 952 953 961 963 971 972 953 954 962 964 972 973 954 955 963 965 973 974 955 956 964 966 974 975 956 957 965 967 975 976 957 958 966 968 976 977 949 958 959 967 977 978 959 960 970 978 979 988 960 961 969 971 979 980 961 962 970 972 980 981 962 963 971 973 981 982 963 964 972 974 982 983 964 965 973 975 983 984 965 966 974 976 984 985 966 967 975 977 985 986 967 968 976 978 986 987 959 968 969 977 987 988 969 970 980 988 989 998 970 971 979 981 989 990 971 972 980 982 990 991 972 973 981 983 991 992 973 974 982 984 992 993 974 975 983 985 993 994 975 976 984 986 994 995 976 977 985 987 995 996 977 978 986 988 996 997 969 978 979 987 997 998 900 979 980 990 998 999 900 901 980 981 989 991 901 902 981 982 990 992 902 903 982 983 991 993 903 904 983 984 992 994 904 905 984 985 993 995 905 906 985 986 994 996 906 907 986 987 995 997 907 908 987 988 996 998 908 979 988 989 997 999 900 908 917 918 989 998
zone3_ptr 0 3 6 9 12 15 18 21 24 27 30 33 36 39 42 45 48 51 54 57 60 63 66 69 72 75 78 81 84 87 90 93 96 99 102 105 108 111 114 117 120 123 126 129 132 135 138 141 144 147 150 153 156 159 162 165 168 171 174 177 180 183 186 189 192 195 198 201 204 207 210 213 216 219 222 225 228 231 234 237 240 243 246 249 252 255 258 261 264 267 270 273 276 279 282 285 288 291 294 297 300
zone3_indices 300
809 890 899 800 890 891 801 891 892 802 892 893 803 893 894 804 894 895 805 895 896 806 896 897 807 897 898 800 809 819 800 801 810 801 802 811 802 803 812 803 804 813 804 805 814 805 806 815 806 807 816 807 808 817 808 809 818 810 819 829 810 811 820 811 812 821 812 813 822 813 814 823 814 815 824 815 816 825 816 817 826 817 818 827 818 819 828 820 829 839 820 821 830 821 822 831 822 823 832 823 824 833 824 825 834 825 826 835 826 827 836 827 828 837 828 829 838 830 839 849 830 831 840 831 832 841 832 833 842 833 834 843 834 835 844 835 836 845 836 837 846 837 838 847 838 839 848 840 849 859 840 841 850 841 842 851 842 843 852 843 844 853 844 845 854 845 846 855 846 847 856 847 848 857 848 849 858 850 859 869 850 851 860 851 852 861 852 853 862 853 854 863 854 855 864 855 856 865 856 857 866 857 858 867 858 859 868 860 869 879 860 861 870 861 862 871 862 863 872 863 864 873 864 865 874 865 866 875 866 867 876 867 868 877 868 869 878 870 879 889 870 871 880 871 872 881 872 873 882 873 874 883 874 875 884 875 876 885 876 877 886 877 878 887 878 879 888 880 889 899 880 881 890 881 882 891 882 883 892 883 884 893 884 885 894 885 886 895 886 887 896 887 888 897 888 889 898 808 898 899
