ACTIVITY_MODEL_H_V1
site_type bridge
elements Fe Co Ni Pd Pt
intercept 0
e_opt -0.080000000000000002
activity_temperature 298
zone1_element 0 0 0 0 0
zone2 -0.0090546223330590994 -0.0077171729884041047 -0.010570127729655692 -0.0032731309019460825 0.0066420050819317169
zone3 0 0 0 0 0
zone4 0.0088079367866785805 0.0032988156050320458 0.011213147719861165 -0.0099199842283001268 -0.029381948464027554
zone5 0 0 0 0 0
zone1_combos 15
CoCo 0.10960492722256797
CoNi 0.019855254221108821
CoPd 0.064907514334029942
CoPt -0.0973322241602292
FeCo 0.1477931239714711
FeFe 0.223977870075457
FeNi 0.070606046686675791
FePd 0.10756309282406312
FePt -0.060598109199863449
NiNi -0.013169671704805179
NiPd -0.0060799534511355854
NiPt -0.10988238900408868
PdPd -0.061895701597259253
PdPt -0.17936487259469527
PtPt -0.21998041576848704
zone3_combos 15
CoCo -0.052602416213654364
CoNi -0.03365222955584652
CoPd 0.015648015890205355
CoPt 0.11501444919066475
FeCo -0.060325078134285816
FeFe -0.10384599466088067
FeNi -0.083448383992981962
FePd -0.041615333659655272
FePt 0.072551092625526295
NiNi -0.0054289431985351192
NiPd 0.029177065087323685
NiPt 0.092275934683909641
PdPd -0.075779195855111212
PdPt 0.016700098073620707
PtPt 0.11133541157451177
n_activity_sites 100
zone1_ptr 0 2 4 6 8 10 12 14 16 18 20 22 24 26 28 30 32 34 36 38 40 42 44 46 48 50 52 54 56 58 60 62 64 66 68 70 72 74 76 78 80 82 84 86 88 90 92 94 96 98 100 102 104 106 108 110 112 114 116 118 120 122 124 126 128 130 132 134 136 138 140 142 144 146 148 150 152 154 156 158 160 162 164 166 168 170 172 174 176 178 180 182 184 186 188 190 192 194 196 198 200
zone1_indices 200
900 901 900 909 901 902 902 903 903 904 904 905 905 906 906 907 907 908 908 909 910 911 910 919 911 912 912 913 913 914 914 915 915 916 916 917 917 918 918 919 920 921 920 929 921 922 922 923 923 924 924 925 925 926 926 927 927 928 928 929 930 931 930 939 931 932 932 933 933 934 934 935 935 936 936 937 937 938 938 939 940 941 940 949 941 942 942 943 943 944 944 945 945 946 946 947 947 948 948 949 950 951 950 959 951 952 952 953 953 954 954 955 955 956 956 957 957 958 958 959 960 961 960 969 961 962 962 963 963 964 964 965 965 966 966 967 967 968 968 969 970 971 970 979 971 972 972 973 973 974 974 975 975 976 976 977 977 978 978 979 980 981 980 989 981 982 982 983 983 984 984 985 985 986 986 987 987 988 988 989 990 991 990 999 991 992 992 993 993 994 994 995 995 996 996 997 997 998 998 999
zone2_ptr 0 6 12 18 24 30 36 42 48 54 60 66 72 78 84 90 96 102 108 114 120 126 132 138 144 150 156 162 168 174 180 186 192 198 204 210 216 222 228 234 240 246 252 258 264 270 276 282 288 294 300 306 312 318 324 330 336 342 348 354 360 366 372 378 384 390 396 402 408 414 420 426 432 438 444 450 456 462 468 474 480 486 492 498 504 510 516 522 528 534 540 546 552 558 564 570 576 582 588 594 600
zone2_indices 600
909 901 990 900 902 991 909 901 990 900 908 999 900 902 991 901 903 992 901 903 992 902 904 993 902 904 993 903 905 994 903 905 994 906 904 995 906 904 995 905 907 996 905 907 996 908 906 997 908 906 997 907 909 998 907 909 998 900 908 999 919 911 900 910 912 901 919 911 900 910 918 909 910 912 901 911 913 902 911 913 902 912 914 903 912 914 903 913 915 904 913 915 904 916 914 905 916 914 905 915 917 906 915 917 906 918 916 907 918 916 907 917 919 908 917 919 908 910 918 909 929 921 930 920 922 931 929 921 930 920 928 939 920 922 931 921 923 932 921 923 932 922 924 933 922 924 933 923 925 934 923 925 934 926 924 935 926 924 935 925 927 936 925 927 936 928 926 937 928 926 937 927 929 938 927 929 938 920 928 939 939 931 920 930 932 921 939 931 920 930 938 929 930 932 921 931 933 922 931 933 922 932 934 923 932 934 923 933 935 924 933 935 924 936 934 925 936 934 925 935 937 926 935 937 926 938 936 927 938 936 927 937 939 928 937 939 928 930 938 929 949 941 950 940 942 951 949 941 950 940 948 959 940 942 951 941 943 952 941 943 952 942 944 953 942 944 953 943 945 954 943 945 954 946 944 955 946 944 955 945 947 956 945 947 956 948 946 957 948 946 957 947 949 958 947 949 958 940 948 959 959 951 940 950 952 941 959 951 940 950 958 949 950 952 941 951 953 942 951 953 942 952 954 943 952 954 943 953 955 944 953 955 944 956 954 945 956 954 945 955 957 946 955 957 946 958 956 947 958 956 947 957 959 948 957 959 948 950 958 949 969 961 950 960 962 951 969 961 950 960 968 959 960 962 951 961 963 952 961 963 952 962 964 953 962 964 953 963 965 954 963 965 954 966 964 955 966 964 955 965 967 956 965 967 956 968 966 957 968 966 957 967 969 958 967 969 958 960 968 959 979 971 980 970 972 981 979 971 980 970 978 989 970 972 981 971 973 982 971 973 982 972 974 983 972 974 983 973 975 984 973 975 984 976 974 985 976 974 985 975 977 986 975 977 986 978 976 987 978 976 987 977 979 988 977 979 988 970 978 989 989 981 970 980 982 971 989 981 970 980 988 979 980 982 971 981 983 972 981 983 972 982 984 973 982 984 973 983 985 974 983 985 974 986 984 975 986 984 975 985 987 976 985 987 976 988 986 977 988 986 977 987 989 978 987 989 978 980 988 979 999 991 900 990 992 901 999 991 900 990 998 909 990 992 901 991 993 902 991 993 902 992 994 903 992 994 903 993 995 904 993 995 904 996 994 905 996 994 905 995 997 906 995 997 906 998 996 907 998 996 907 997 999 908 997 999 908 990 998 909
zone3_ptr 0 2 4 6 8 10 12 14 16 18 20 22 24 26 28 30 32 34 36 38 40 42 44 46 48 50 52 54 56 58 60 62 64 66 68 70 72 74 76 78 80 82 84 86 88 90 92 94 96 98 100 102 104 106 108 110 112 114 116 118 120 122 124 126 128 130 132 134 136 138 140 142 144 146 148 150 152 154 156 158 160 162 164 166 168 170 172 174 176 178 180 182 184 186 188 190 192 194 196 198 200
zone3_indices 200
800 890 809 899 801 891 802 892 803 893 804 894 805 895 806 896 807 897 808 898 810 800 809 819 811 801 812 802 813 803 814 804 815 805 816 806 817 807 818 808 820 810 829 819 821 811 822 812 823 813 824 814 825 815 826 816 827 817 828 818 820 830 829 839 821 831 822 832 823 833 824 834 825 835 826 836 827 837 828 838 830 840 839 849 831 841 832 842 833 843 834 844 835 845 836 846 837 847 838 848 840 850 849 859 841 851 842 852 843 853 844 854 845 855 846 856 847 857 848 858 850 860 859 869 851 861 852 862 853 863 854 864 855 865 856 866 857 867 858 868 860 870 879 869 861 871 862 872 863 873 874 864 875 865 876 866 877 867 878 868 870 880 879 889 871 881 872 882 873 883 874 884 875 885 876 886 877 887 878 888 890 880 899 889 891 881 892 882 893 883 894 884 895 885 896 886 897 887 898 888
zone4_ptr 0 4 8 12 16 20 24 28 32 36 40 44 48 52 56 60 64 68 72 76 80 84 88 92 96 100 104 108 112 116 120 124 128 132 136 140 144 148 152 156 160 164 168 172 176 180 184 188 192 196 200 204 208 212 216 220 224 228 232 236 240 244 248 252 256 260 264 268 272 276 280 284 288 292 296 300 304 308 312 316 320 324 328 332 336 340 344 348 352 356 360 364 368 372 376 380 384 388 392 396 400
zone4_indices 400
809 899 801 891 800 890 808 898 800 890 802 892 801 891 803 893 802 892 804 894 803 893 805 895 804 894 806 896 805 895 807 897 806 896 808 898 807 897 809 899 809 819 811 801 810 800 818 808 810 800 812 802 811 801 813 803 812 802 814 804 813 803 815 805 814 804 816 806 815 805 817 807 816 806 818 808 817 807 819 809 829 819 821 811 820 810 828 818 820 810 822 812 821 811 823 813 822 812 824 814 823 813 825 815 824 814 826 816 825 815 827 817 826 816 828 818 827 817 829 819 829 839 821 831 820 830 828 838 820 830 822 832 821 831 823 833 822 832 824 834 823 833 825 835 824 834 826 836 825 835 827 837 826 836 828 838 827 837 829 839 839 849 831 841 830 840 838 848 830 840 832 842 831 841 833 843 832 842 834 844 833 843 835 845 834 844 836 846 835 845 837 847 836 846 838 848 837 847 839 849 849 859 841 851 840 850 848 858 840 850 842 852 841 851 843 853 842 852 844 854 843 853 845 855 844 854 846 856 845 855 847 857 846 856 848 858 847 857 849 859 859 869 851 861 850 860 858 868 850 860 852 862 851 861 853 863 852 862 854 864 853 863 855 865 854 864 856 866 855 865 857 867 856 866 858 868 857 867 859 869 879 869 861 871 860 870 868 878 860 870 872 862 861 871 873 863 862 872 864 874 863 873 875 865 874 864 866 876 875 865 877 867 866 876 878 868 877 867 879 869 879 889 871 881 870 880 878 888 870 880 872 882 871 881 873 883 872 882 874 884 873 883 875 885 874 884 876 886 875 885 877 887 876 886 878 888 877 887 879 889 899 889 891 881 890 880 898 888 890 880 892 882 891 881 893 883 892 882 894 884 893 883 895 885 894 884 896 886 895 885 897 887 896 886 898 888 897 887 899 889
zone5_ptr 0 0 0 0 0 0 0 0 0 0 0 0 0 0 0 0 0 0 0 0 0 0 0 0 0 0 0 0 0 0 0 0 0 0 0 0 0 0 0 0 0 0 0 0 0 0 0 0 0 0 0 0 0 0 0 0 0 0 0 0 0 0 0 0 0 0 0 0 0 0 0 0 0 0 0 0 0 0 0 0 0 0 0 0 0 0 0 0 0 0 0 0 0 0 0 0 0 0 0 0 0
zone5_indices 0

