ACTIVITY_MODEL_H_V1
site_type bridge
elements Fe Co Ni Pd Pt
intercept 0
e_opt -0.16
activity_temperature 298
zone1_element 0 0 0 0 0
zone2 -0.0383138103582676 -0.030168482275389225 -0.030630986214316855 -0.015840977096354136 0.001977461285456943
zone3 0 0 0 0 0
zone4 0.016639977131097446 -0.00096240363997481351 -0.012543783109751837 -0.02792110654991535 -0.050530546937368928
zone5 0 0 0 0 0
zone1_combos 15
CoCo 0.046217521191667846
CoNi 0.026881224858981864
CoPd 0.067919560675704135
CoPt -0.08867940888946492
FeCo 0.034176798849303455
FeFe 0.046329984241104974
FeNi 0.072958160329296071
FePd 0.14767624228654344
FePt -0.083091588412910533
NiNi -0.013520174712593784
NiPd 0.0096542411540030699
NiPt -0.12840171573362713
PdPd 0.08207289209104221
PdPt -0.085956612258621931
PtPt -0.15306659144690679
zone3_combos 15
CoCo 0.00081449336809967564
CoNi -0.01078238438496015
CoPd -0.0068878331866569454
CoPt 0.0019093008839088782
FeCo 0.013302696120130589
FeFe 0.019958797416563742
FeNi 0.011518513351934845
FePd -0.010547419100739683
FePt 0.0064236573698984358
NiNi -0.013335863415869096
NiPd -0.011582254225979196
NiPt -0.0091929800505552803
PdPd -0.0037701770007647823
PdPt -0.0067740258596400678
PtPt 0.0001160129381504054
n_activity_sites 200
zone1_ptr 0 2 4 6 8 10 12 14 16 18 20 22 24 26 28 30 32 34 36 38 40 42 44 46 48 50 52 54 56 58 60 62 64 66 68 70 72 74 76 78 80 82 84 86 88 90 92 94 96 98 100 102 104 106 108 110 112 114 116 118 120 122 124 126 128 130 132 134 136 138 140 142 144 146 148 150 152 154 156 158 160 162 164 166 168 170 172 174 176 178 180 182 184 186 188 190 192 194 196 198 200 202 204 206 208 210 212 214 216 218 220 222 224 226 228 230 232 234 236 238 240 242 244 246 248 250 252 254 256 258 260 262 264 266 268 270 272 274 276 278 280 282 284 286 288 290 292 294 296 298 300 302 304 306 308 310 312 314 316 318 320 322 324 326 328 330 332 334 336 338 340 342 344 346 348 350 352 354 356 358 360 362 364 366 368 370 372 374 376 378 380 382 384 386 388 390 392 394 396 398 400
zone1_indices 400
900 901 900 909 900 910 900 990 901 902 901 911 901 991 902 903 902 912 902 992 903 904 903 913 903 993 904 905 904 914 904 994 905 906 905 915 905 995 906 907 906 916 906 996 907 908 907 917 907 997 908 909 908 918 908 998 909 919 909 999 910 911 910 919 910 920 911 912 911 921 912 913 912 922 913 914 913 923 914 915 914 924 915 916 915 925 916 917 916 926 917 918 917 927 918 919 918 928 919 929 920 921 920 929 920 930 921 922 921 931 922 923 922 932 923 924 923 933 924 925 924 934 925 926 925 935 926 927 926 936 927 928 927 937 928 929 928 938 929 939 930 931 930 939 930 940 931 932 931 941 932 933 932 942 933 934 933 943 934 935 934 944 935 936 935 945 936 937 936 946 937 938 937 947 938 939 938 948 939 949 940 941 940 949 940 950 941 942 941 951 942 943 942 952 943 944 943 953 944 945 944 954 945 946 945 955 946 947 946 956 947 948 947 957 948 949 948 958 949 959 950 951 950 959 950 960 951 952 951 961 952 953 952 962 953 954 953 963 954 955 954 964 955 956 955 965 956 957 956 966 957 958 957 967 958 959 958 968 959 969 960 961 960 969 960 970 961 962 961 971 962 963 962 972 963 964 963 973 964 965 964 974 965 966 965 975 966 967 966 976 967 968 967 977 968 969 968 978 969 979 970 971 970 979 970 980 971 972 971 981 972 973 972 982 973 974 973 983 974 975 974 984 975 976 975 985 976 977 976 986 977 978 977 987 978 979 978 988 979 989 980 981 980 989 980 990 981 982 981 991 982 983 982 992 983 984 983 993 984 985 984 994 985 986 985 995 986 987 986 996 987 988 987 997 988 989 988 998 989 999 990 991 990 999 991 992 992 993 993 994 994 995 995 996 996 997 997 998 998 999
zone2_ptr 0 6 12 18 24 30 36 42 48 54 60 66 72 78 84 90 96 102 108 114 120 126 132 138 144 150 156 162 168 174 180 186 192 198 204 210 216 222 228 234 240 246 252 258 264 270 276 282 288 294 300 306 312 318 324 330 336 342 348 354 360 366 372 378 384 390 396 402 408 414 420 426 432 438 444 450 456 462 468 474 480 486 492 498 504 510 516 522 528 534 540 546 552 558 564 570 576 582 588 594 600 606 612 618 624 630 636 642 648 654 660 666 672 678 684 690 696 702 708 714 720 726 732 738 744 750 756 762 768 774 780 786 792 798 804 810 816 822 828 834 840 846 852 858 864 870 876 882 888 894 900 906 912 918 924 930 936 942 948 954 960 966 972 978 984 990 996 1002 1008 1014 1020 1026 1032 1038 1044 1050 1056 1062 1068 1074 1080 1086 1092 1098 1104 1110 1116 1122 1128 1134 1140 1146 1152 1158 1164 1170 1176 1182 1188 1194 1200
zone2_indices 1200
909 990 910 991 902 900 909 990 910 908 900 999 909 990 910 919 911 900 909 990 910 980 900 999 991 902 900 992 903 901 991 902 900 901 910 912 991 902 900 981 901 992 992 903 901 993 904 902 992 903 901 902 911 913 992 903 901 982 902 993 993 904 902 994 914 903 993 904 902 903 912 914 993 904 902 983 903 994 994 914 903 906 995 915 994 914 903 904 913 924 994 914 903 984 904 993 906 995 915 905 996 916 906 995 915 916 925 905 906 995 915 985 996 905 905 996 916 908 997 917 905 996 916 915 926 906 905 996 916 995 986 906 908 997 917 907 909 998 908 997 917 918 907 927 908 997 917 987 998 907 907 909 998 908 900 999 907 909 998 917 919 908 907 909 998 999 988 997 908 900 999 918 910 909 908 900 999 989 998 909 919 911 900 901 910 912 919 911 900 918 910 909 919 911 900 929 910 930 901 910 912 902 911 913 901 910 912 911 920 922 902 911 913 903 912 914 902 911 913 912 921 923 903 912 914 904 913 924 903 912 914 913 922 924 904 913 924 916 925 905 904 913 924 914 923 934 916 925 905 915 926 906 916 925 905 926 915 935 915 926 906 918 907 927 915 926 906 925 916 936 918 907 927 917 919 908 918 907 927 928 917 937 917 919 908 918 910 909 917 919 908 927 929 918 918 910 909 928 920 919 929 910 930 911 920 922 929 910 930 928 920 919 929 910 930 939 931 920 911 920 922 912 921 923 911 920 922 921 930 932 912 921 923 913 922 924 912 921 923 931 933 922 913 922 924 914 923 934 913 922 924 923 932 934 914 923 934 926 915 935 914 923 934 924 933 944 926 915 935 925 916 936 926 915 935 936 925 945 925 916 936 928 917 937 925 916 936 935 926 946 928 917 937 927 929 918 928 917 937 938 927 947 927 929 918 928 920 919 927 929 918 937 939 928 928 920 919 938 930 929 939 931 920 921 930 932 939 931 920 938 930 929 939 931 920 949 930 941 921 930 932 931 933 922 921 930 932 931 940 942 931 933 922 923 932 934 931 933 922 943 932 941 923 932 934 924 933 944 923 932 934 944 933 942 924 933 944 936 925 945 924 933 944 934 943 945 936 925 945 935 926 946 936 925 945 946 935 944 935 926 946 938 927 947 935 926 946 945 936 947 938 927 947 937 939 928 938 927 947 948 937 946 937 939 928 938 930 929 937 939 928 947 949 938 938 930 929 948 940 939 949 930 941 931 940 942 949 930 941 948 940 939 949 930 941 960 959 951 931 940 942 943 932 941 931 940 942 961 952 950 943 932 941 944 933 942 943 932 941 962 953 951 944 933 942 934 943 945 944 933 942 963 954 952 934 943 945 946 935 944 934 943 945 964 953 955 946 935 944 945 936 947 946 935 944 956 965 954 945 936 947 948 937 946 945 936 947 955 966 957 948 937 946 947 949 938 948 937 946 958 967 956 947 949 938 948 940 939 947 949 938 957 959 968 948 940 939 958 969 950 960 959 951 961 952 950 960 959 951 958 969 950 960 959 951 950 969 961 961 952 950 962 953 951 961 952 950 951 960 962 962 953 951 963 954 952 962 953 951 952 961 963 963 954 952 964 953 955 963 954 952 953 962 964 964 953 955 956 965 954 964 953 955 954 963 965 956 965 954 955 966 957 956 965 954 955 966 964 955 966 957 958 967 956 955 966 957 956 965 967 958 967 956 957 959 968 958 967 956 957 968 966 957 959 968 958 969 950 957 959 968 958 967 969 958 969 950 959 968 960 950 969 961 951 960 962 950 969 961 959 968 960 950 969 961 980 979 971 951 960 962 952 961 963 951 960 962 981 970 972 952 961 963 953 962 964 952 961 963 982 971 973 953 962 964 954 963 965 953 962 964 983 972 974 954 963 965 955 966 964 954 963 965 984 973 964 955 966 964 956 965 967 955 966 964 976 985 965 956 965 967 957 968 966 956 965 967 975 986 966 957 968 966 958 967 969 957 968 966 978 987 967 958 967 969 959 968 960 958 967 969 988 977 979 959 968 960 978 989 970 980 979 971 981 970 972 980 979 971 978 989 970 980 979 971 970 990 989 981 970 972 982 971 973 981 970 972 971 991 982 982 971 973 983 972 974 982 971 973 972 992 983 983 972 974 984 973 964 983 972 974 973 993 984 984 973 964 976 985 965 984 973 964 974 994 983 976 985 965 975 986 966 976 985 965 995 975 986 975 986 966 978 987 967 975 986 966 996 976 985 978 987 967 988 977 979 978 987 967 997 977 988 988 977 979 978 989 970 988 977 979 989 978 987 978 989 970 999 979 988 970 990 989 971 991 982 970 990 989 999 979 988 970 990 989 980 900 999 971 991 982 972 992 983 971 991 982 981 901 992 972 992 983 973 993 984 972 992 983 982 902 993 973 993 984 974 994 983 973 993 984 983 903 994 974 994 983 995 975 986 974 994 983 984 904 993 995 975 986 996 976 985 995 975 986 985 996 905 996 976 985 997 977 988 996 976 985 995 986 906 997 977 988 989 978 987 997 977 988 987 998 907 989 978 987 999 979 988 989 978 987 999 988 997 999 979 988 989 998 909 980 900 999 981 901 992 980 900 999 989 998 909 981 901 992 982 902 993 982 902 993 983 903 994 983 903 994 984 904 993 984 904 993 985 996 905 985 996 905 995 986 906 995 986 906 987 998 907 987 998 907 999 988 997 999 988 997 989 998 909
zone3_ptr 0 2 4 6 8 10 12 14 16 18 20 22 24 26 28 30 32 34 36 38 40 42 44 46 48 50 52 54 56 58 60 62 64 66 68 70 72 74 76 78 80 82 84 86 88 90 92 94 96 98 100 102 104 106 108 110 112 114 116 118 120 122 124 126 128 130 132 134 136 138 140 142 144 146 148 150 152 154 156 158 160 162 164 166 168 170 172 174 176 178 180 182 184 186 188 190 192 194 196 198 200 202 204 206 208 210 212 214 216 218 220 222 224 226 228 230 232 234 236 238 240 242 244 246 248 250 252 254 256 258 260 262 264 266 268 270 272 274 276 278 280 282 284 286 288 290 292 294 296 298 300 302 304 306 308 310 312 314 316 318 320 322 324 326 328 330 332 334 336 338 340 342 344 346 348 350 352 354 356 358 360 362 364 366 368 370 372 374 376 378 380 382 384 386 388 390 392 394 396 398 400
zone3_indices 400
890 800 899 809 809 800 899 890 891 801 800 801 890 891 892 802 801 802 891 892 893 803 802 803 892 893 894 804 803 804 893 894 895 805 805 804 895 894 896 806 805 806 895 896 897 807 807 806 897 896 898 808 807 808 897 898 808 809 898 899 800 810 809 819 819 810 801 811 810 811 802 812 811 812 803 813 812 813 804 814 813 814 805 815 815 814 806 816 815 816 807 817 817 816 808 818 818 817 818 819 810 820 819 829 829 820 811 821 820 821 812 822 821 822 813 823 822 823 814 824 824 823 815 825 825 824 816 826 825 826 817 827 827 826 818 828 827 828 828 829 820 830 829 839 839 830 821 831 830 831 822 832 831 832 823 833 832 833 824 834 834 833 825 835 835 834 826 836 835 836 827 837 837 836 828 838 837 838 838 839 830 840 849 839 849 840 831 841 840 841 842 832 841 842 843 833 842 843 844 834 843 844 845 835 845 844 846 836 845 846 847 837 847 846 848 838 848 847 848 849 850 840 859 849 859 850 851 841 851 850 852 842 851 852 853 843 852 853 854 844 854 853 855 845 855 854 856 846 855 856 857 847 857 856 858 848 858 857 858 859 850 860 859 869 869 860 851 861 860 861 852 862 861 862 853 863 862 863 854 864 863 864 855 865 865 864 856 866 865 866 857 867 867 866 858 868 868 867 868 869 870 860 879 869 879 870 871 861 871 870 872 862 871 872 873 863 872 873 874 864 873 874 875 865 875 874 876 866 875 876 877 867 877 876 878 868 878 877 878 879 880 870 889 879 889 880 881 871 880 881 882 872 881 882 883 873 882 883 884 874 883 884 885 875 885 884 886 876 885 886 887 877 887 886 888 878 887 888 888 889 880 890 889 899 881 891 882 892 883 893 884 894 885 895 886 896 887 897 888 898
zone4_ptr 0 4 8 12 16 20 24 28 32 36 40 44 48 52 56 60 64 68 72 76 80 84 88 92 96 100 104 108 112 116 120 124 128 132 136 140 144 148 152 156 160 164 168 172 176 180 184 188 192 196 200 204 208 212 216 220 224 228 232 236 240 244 248 252 256 260 264 268 272 276 280 284 288 292 296 300 304 308 312 316 320 324 328 332 336 340 344 348 352 356 360 364 368 372 376 380 384 388 392 396 400 404 408 412 416 420 424 428 432 436 440 444 448 452 456 460 464 468 472 476 480 484 488 492 496 500 504 508 512 516 520 524 528 532 536 540 544 548 552 556 560 564 568 572 576 580 584 588 592 596 600 604 608 612 616 620 624 628 632 636 640 644 648 652 656 660 664 668 672 676 680 684 688 692 696 700 704 708 712 716 720 724 728 732 736 740 744 748 752 756 760 764 768 772 776 780 784 788 792 796 800
zone4_indices 800
899 809 891 801 890 800 898 808 899 890 819 810 809 800 889 880 890 800 892 802 890 891 810 811 800 801 880 881 891 801 893 803 891 892 811 812 801 802 881 882 892 802 894 804 892 893 812 813 802 803 882 883 893 803 895 805 893 894 813 814 803 804 883 884 894 804 896 806 895 894 815 814 805 804 885 884 895 805 897 807 895 896 815 816 805 806 885 886 896 806 898 808 897 896 817 816 807 806 887 886 897 807 899 809 897 898 818 817 807 808 887 888 898 899 818 819 808 809 888 889 809 819 801 811 810 800 808 818 809 800 829 820 800 810 812 802 800 801 820 821 801 811 813 803 801 802 821 822 802 812 804 814 802 803 822 823 803 813 805 815 803 804 824 823 814 804 806 816 805 804 825 824 805 815 807 817 805 806 825 826 816 806 808 818 807 806 827 826 807 817 819 809 807 808 827 828 808 809 828 829 819 829 811 821 810 820 818 828 819 810 839 830 810 820 812 822 810 811 830 831 811 821 813 823 811 812 831 832 812 822 814 824 812 813 832 833 813 823 815 825 813 814 834 833 814 824 816 826 815 814 835 834 815 825 817 827 815 816 835 836 816 826 818 828 817 816 837 836 817 827 819 829 818 817 837 838 818 819 838 839 829 839 821 831 820 830 828 838 829 820 849 840 820 830 822 832 820 821 840 841 821 831 823 833 821 822 841 842 822 832 824 834 822 823 842 843 823 833 825 835 824 823 843 844 824 834 826 836 825 824 845 844 825 835 827 837 825 826 845 846 826 836 828 838 827 826 847 846 827 837 829 839 827 828 848 847 828 829 848 849 849 839 831 841 830 840 848 838 839 830 859 850 830 840 832 842 830 831 851 850 831 841 833 843 831 832 851 852 842 832 844 834 832 833 852 853 843 833 845 835 834 833 854 853 834 844 836 846 835 834 855 854 845 835 847 837 835 836 855 856 836 846 848 838 837 836 857 856 847 837 839 849 837 838 858 857 838 839 858 859 859 849 851 841 850 840 858 848 849 840 869 860 850 840 852 842 840 841 860 861 851 841 853 843 841 842 861 862 852 842 854 844 842 843 862 863 853 843 855 845 843 844 863 864 854 844 856 846 845 844 865 864 855 845 857 847 845 846 865 866 856 846 858 848 847 846 867 866 857 847 859 849 848 847 868 867 848 849 868 869 859 869 851 861 850 860 858 868 859 850 879 870 850 860 852 862 851 850 871 870 851 861 853 863 851 852 871 872 852 862 854 864 852 853 872 873 853 863 855 865 854 853 873 874 854 864 856 866 855 854 875 874 855 865 857 867 855 856 875 876 856 866 858 868 857 856 877 876 857 867 859 869 858 857 878 877 858 859 878 879 879 869 871 861 870 860 878 868 869 860 889 880 870 860 872 862 860 861 880 881 871 861 873 863 861 862 881 882 872 862 874 864 862 863 882 883 873 863 875 865 863 864 883 884 874 864 876 866 865 864 885 884 875 865 877 867 865 866 885 886 876 866 878 868 867 866 887 886 877 867 879 869 868 867 887 888 868 869 888 889 889 879 881 871 870 880 888 878 879 870 899 890 880 870 872 882 871 870 890 891 881 871 873 883 871 872 891 892 882 872 884 874 872 873 892 893 883 873 885 875 873 874 893 894 874 884 876 886 875 874 895 894 885 875 887 877 875 876 895 896 876 886 888 878 877 876 897 896 887 877 879 889 878 877 897 898 878 879 898 899 889 899 881 891 880 890 888 898 880 890 882 892 881 891 883 893 882 892 884 894 883 893 885 895 884 894 886 896 885 895 887 897 886 896 888 898 887 897 889 899
zone5_ptr 0 0 0 0 0 0 0 0 0 0 0 0 0 0 0 0 0 0 0 0 0 0 0 0 0 0 0 0 0 0 0 0 0 0 0 0 0 0 0 0 0 0 0 0 0 0 0 0 0 0 0 0 0 0 0 0 0 0 0 0 0 0 0 0 0 0 0 0 0 0 0 0 0 0 0 0 0 0 0 0 0 0 0 0 0 0 0 0 0 0 0 0 0 0 0 0 0 0 0 0 0 0 0 0 0 0 0 0 0 0 0 0 0 0 0 0 0 0 0 0 0 0 0 0 0 0 0 0 0 0 0 0 0 0 0 0 0 0 0 0 0 0 0 0 0 0 0 0 0 0 0 0 0 0 0 0 0 0 0 0 0 0 0 0 0 0 0 0 0 0 0 0 0 0 0 0 0 0 0 0 0 0 0 0 0 0 0 0 0 0 0 0 0 0 0 0 0 0 0 0 0
zone5_indices 0

